0.000000000000000000e+00 5.000000000000000000e+00 5.000000000000000000e+00 4.970000000000000000e+02 3.620000000000000000e+02
0.000000000000000000e+00 1.500000000000000000e+01 5.000000000000000000e+00 4.760000000000000000e+02 3.500000000000000000e+02
0.000000000000000000e+00 2.500000000000000000e+01 5.000000000000000000e+00 4.530000000000000000e+02 3.390000000000000000e+02
0.000000000000000000e+00 5.000000000000000000e+00 1.500000000000000000e+01 4.980000000000000000e+02 3.370000000000000000e+02
0.000000000000000000e+00 1.500000000000000000e+01 1.500000000000000000e+01 4.760000000000000000e+02 3.270000000000000000e+02
0.000000000000000000e+00 2.500000000000000000e+01 1.500000000000000000e+01 4.540000000000000000e+02 3.140000000000000000e+02
0.000000000000000000e+00 5.000000000000000000e+00 2.500000000000000000e+01 4.980000000000000000e+02 3.140000000000000000e+02
0.000000000000000000e+00 1.500000000000000000e+01 2.500000000000000000e+01 4.740000000000000000e+02 3.010000000000000000e+02
0.000000000000000000e+00 2.500000000000000000e+01 2.500000000000000000e+01 4.530000000000000000e+02 2.890000000000000000e+02
5.000000000000000000e+00 5.000000000000000000e+00 3.500000000000000000e+01 5.080000000000000000e+02 2.800000000000000000e+02
5.000000000000000000e+00 1.500000000000000000e+01 3.500000000000000000e+01 4.850000000000000000e+02 2.660000000000000000e+02
5.000000000000000000e+00 2.500000000000000000e+01 3.500000000000000000e+01 4.630000000000000000e+02 2.560000000000000000e+02
1.500000000000000000e+01 5.000000000000000000e+00 3.500000000000000000e+01 5.290000000000000000e+02 2.660000000000000000e+02
1.500000000000000000e+01 1.500000000000000000e+01 3.500000000000000000e+01 5.080000000000000000e+02 2.550000000000000000e+02
1.500000000000000000e+01 2.500000000000000000e+01 3.500000000000000000e+01 4.840000000000000000e+02 2.440000000000000000e+02
2.500000000000000000e+01 5.000000000000000000e+00 3.500000000000000000e+01 5.500000000000000000e+02 2.520000000000000000e+02
2.500000000000000000e+01 1.500000000000000000e+01 3.500000000000000000e+01 5.270000000000000000e+02 2.440000000000000000e+02
2.500000000000000000e+01 2.500000000000000000e+01 3.500000000000000000e+01 5.060000000000000000e+02 2.330000000000000000e+02
5.000000000000000000e+00 0.000000000000000000e+00 5.000000000000000000e+00 5.200000000000000000e+02 3.590000000000000000e+02
1.500000000000000000e+01 0.000000000000000000e+00 5.000000000000000000e+00 5.380000000000000000e+02 3.460000000000000000e+02
2.500000000000000000e+01 0.000000000000000000e+00 5.000000000000000000e+00 5.560000000000000000e+02 3.310000000000000000e+02
5.000000000000000000e+00 0.000000000000000000e+00 1.500000000000000000e+01 5.200000000000000000e+02 3.360000000000000000e+02
1.500000000000000000e+01 0.000000000000000000e+00 1.500000000000000000e+01 5.390000000000000000e+02 3.210000000000000000e+02
2.500000000000000000e+01 0.000000000000000000e+00 1.500000000000000000e+01 5.590000000000000000e+02 3.080000000000000000e+02
5.000000000000000000e+00 0.000000000000000000e+00 2.500000000000000000e+01 5.220000000000000000e+02 3.120000000000000000e+02
1.500000000000000000e+01 0.000000000000000000e+00 2.500000000000000000e+01 5.400000000000000000e+02 2.960000000000000000e+02
2.500000000000000000e+01 0.000000000000000000e+00 2.500000000000000000e+01 5.610000000000000000e+02 2.830000000000000000e+02
